Y (ang)	Ec (eV)	Ev (eV)	E (V/cm)	Ef (eV)	n (cm-3)	p (cm-3)	Nd - Na (cm-3)
0.000000e+000	9.40879682e-001	-1.79120318e-001	-1.02592838e+001	-0.00000000e+000	4.4271e+003	1.0003e+016	-1.0000e+016
5.000000e+001	9.40874552e-001	-1.79125448e-001	-1.01469889e+001	0.00000000e+000	4.4279e+003	1.0001e+016	-1.0000e+016
1.000000e+002	9.40869479e-001	-1.79130521e-001	-1.01839118e+001	0.00000000e+000	4.4288e+003	9.9995e+015	-1.0000e+016
1.500000e+002	9.40864387e-001	-1.79135613e-001	-1.03705662e+001	0.00000000e+000	4.4297e+003	9.9975e+015	-1.0000e+016
2.000000e+002	9.40859202e-001	-1.79140798e-001	-1.07096659e+001	0.00000000e+000	4.4306e+003	9.9955e+015	-1.0000e+016
2.500000e+002	9.40853847e-001	-1.79146153e-001	-1.12061636e+001	0.00000000e+000	4.4315e+003	9.9935e+015	-1.0000e+016
3.000000e+002	9.40848244e-001	-1.79151756e-001	-1.18673214e+001	0.00000000e+000	4.4324e+003	9.9913e+015	-1.0000e+016
3.500000e+002	9.40842310e-001	-1.79157690e-001	-1.27028151e+001	0.00000000e+000	4.4335e+003	9.9890e+015	-1.0000e+016
4.000000e+002	9.40835959e-001	-1.79164041e-001	-1.37248743e+001	0.00000000e+000	4.4345e+003	9.9866e+015	-1.0000e+016
4.500000e+002	9.40829096e-001	-1.79170904e-001	-1.49484583e+001	0.00000000e+000	4.4357e+003	9.9839e+015	-1.0000e+016
5.000000e+002	9.40821622e-001	-1.79178378e-001	-1.63914724e+001	0.00000000e+000	4.4370e+003	9.9810e+015	-1.0000e+016
5.500000e+002	9.40813426e-001	-1.79186574e-001	-1.80750258e+001	0.00000000e+000	4.4384e+003	9.9779e+015	-1.0000e+016
6.000000e+002	9.40804389e-001	-1.79195611e-001	-2.00237358e+001	0.00000000e+000	4.4400e+003	9.9744e+015	-1.0000e+016
6.500000e+002	9.40794377e-001	-1.79205623e-001	-2.22660812e+001	0.00000000e+000	4.4417e+003	9.9705e+015	-1.0000e+016
7.000000e+002	9.40783244e-001	-1.79216756e-001	-2.48348111e+001	0.00000000e+000	4.4436e+003	9.9662e+015	-1.0000e+016
7.500000e+002	9.40770827e-001	-1.79229173e-001	-2.77674132e+001	0.00000000e+000	4.4457e+003	9.9614e+015	-1.0000e+016
8.000000e+002	9.40756943e-001	-1.79243057e-001	-3.11066481e+001	0.00000000e+000	4.4481e+003	9.9561e+015	-1.0000e+016
8.500000e+002	9.40741390e-001	-1.79258610e-001	-3.49011571e+001	0.00000000e+000	4.4508e+003	9.9501e+015	-1.0000e+016
9.000000e+002	9.40723939e-001	-1.79276061e-001	-3.92061505e+001	0.00000000e+000	4.4538e+003	9.9434e+015	-1.0000e+016
9.500000e+002	9.40704336e-001	-1.79295664e-001	-4.40841846e+001	0.00000000e+000	4.4572e+003	9.9358e+015	-1.0000e+016
1.000000e+003	9.40682294e-001	-1.79317706e-001	-4.96060385e+001	0.00000000e+000	4.4610e+003	9.9274e+015	-1.0000e+016
1.050000e+003	9.40657491e-001	-1.79342509e-001	-5.58516991e+001	0.00000000e+000	4.4653e+003	9.9179e+015	-1.0000e+016
1.100000e+003	9.40629565e-001	-1.79370435e-001	-6.29114668e+001	0.00000000e+000	4.4701e+003	9.9071e+015	-1.0000e+016
1.150000e+003	9.40598109e-001	-1.79401891e-001	-7.08871938e+001	0.00000000e+000	4.4755e+003	9.8951e+015	-1.0000e+016
1.200000e+003	9.40562666e-001	-1.79437334e-001	-7.98936681e+001	0.00000000e+000	4.4817e+003	9.8815e+015	-1.0000e+016
1.250000e+003	9.40522719e-001	-1.79477281e-001	-9.00601574e+001	0.00000000e+000	4.4886e+003	9.8663e+015	-1.0000e+016
1.300000e+003	9.40477689e-001	-1.79522311e-001	-1.01532126e+002	0.00000000e+000	4.4964e+003	9.8491e+015	-1.0000e+016
1.350000e+003	9.40426923e-001	-1.79573077e-001	-1.14473144e+002	0.00000000e+000	4.5053e+003	9.8298e+015	-1.0000e+016
1.400000e+003	9.40369686e-001	-1.79630314e-001	-1.29066996e+002	0.00000000e+000	4.5153e+003	9.8081e+015	-1.0000e+016
1.450000e+003	9.40305153e-001	-1.79694847e-001	-1.45520014e+002	0.00000000e+000	4.5265e+003	9.7836e+015	-1.0000e+016
1.500000e+003	9.40232393e-001	-1.79767607e-001	-1.64063638e+002	0.00000000e+000	4.5393e+003	9.7561e+015	-1.0000e+016
1.550000e+003	9.40150361e-001	-1.79849639e-001	-1.84957230e+002	0.00000000e+000	4.5537e+003	9.7252e+015	-1.0000e+016
1.600000e+003	9.40057882e-001	-1.79942118e-001	-2.08491132e+002	0.00000000e+000	4.5700e+003	9.6905e+015	-1.0000e+016
1.650000e+003	9.39953637e-001	-1.80046363e-001	-2.34989995e+002	0.00000000e+000	4.5885e+003	9.6515e+015	-1.0000e+016
1.700000e+003	9.39836142e-001	-1.80163858e-001	-2.64816360e+002	0.00000000e+000	4.6094e+003	9.6077e+015	-1.0000e+016
1.750000e+003	9.39703733e-001	-1.80296267e-001	-2.98374494e+002	0.00000000e+000	4.6331e+003	9.5586e+015	-1.0000e+016
1.800000e+003	9.39554546e-001	-1.80445454e-001	-3.36114458e+002	0.00000000e+000	4.6599e+003	9.5036e+015	-1.0000e+016
1.850000e+003	9.39386489e-001	-1.80613511e-001	-3.78536379e+002	0.00000000e+000	4.6903e+003	9.4420e+015	-1.0000e+016
1.900000e+003	9.39197221e-001	-1.80802779e-001	-4.26194866e+002	0.00000000e+000	4.7247e+003	9.3732e+015	-1.0000e+016
1.950000e+003	9.38984123e-001	-1.81015877e-001	-4.79703513e+002	0.00000000e+000	4.7639e+003	9.2962e+015	-1.0000e+016
2.000000e+003	9.38744271e-001	-1.81255729e-001	-5.39739378e+002	0.00000000e+000	4.8083e+003	9.2104e+015	-1.0000e+016
2.050000e+003	9.38474402e-001	-1.81525598e-001	-6.07047317e+002	0.00000000e+000	4.8587e+003	9.1147e+015	-1.0000e+016
2.100000e+003	9.38170878e-001	-1.81829122e-001	-6.82443997e+002	0.00000000e+000	4.9161e+003	9.0083e+015	-1.0000e+016
2.150000e+003	9.37829656e-001	-1.82170344e-001	-7.66821383e+002	0.00000000e+000	4.9814e+003	8.8902e+015	-1.0000e+016
2.200000e+003	9.37446245e-001	-1.82553755e-001	-8.61149427e+002	0.00000000e+000	5.0558e+003	8.7593e+015	-1.0000e+016
2.250000e+003	9.37015671e-001	-1.82984329e-001	-9.66477656e+002	0.00000000e+000	5.1408e+003	8.6147e+015	-1.0000e+016
2.300000e+003	9.36532432e-001	-1.83467568e-001	-1.08393527e+003	0.00000000e+000	5.2378e+003	8.4551e+015	-1.0000e+016
2.350000e+003	9.35990464e-001	-1.84009536e-001	-1.21472935e+003	0.00000000e+000	5.3487e+003	8.2797e+015	-1.0000e+016
2.400000e+003	9.35383100e-001	-1.84616900e-001	-1.36014066e+003	0.00000000e+000	5.4759e+003	8.0875e+015	-1.0000e+016
2.450000e+003	9.34703029e-001	-1.85296971e-001	-1.52151656e+003	0.00000000e+000	5.6218e+003	7.8775e+015	-1.0000e+016
2.500000e+003	9.33942271e-001	-1.86057729e-001	-1.70026052e+003	0.00000000e+000	5.7897e+003	7.6490e+015	-1.0000e+016
2.550000e+003	9.33092141e-001	-1.86907859e-001	-1.89781770e+003	0.00000000e+000	5.9833e+003	7.4016e+015	-1.0000e+016
2.600000e+003	9.32143232e-001	-1.87856768e-001	-2.11565618e+003	0.00000000e+000	6.2070e+003	7.1348e+015	-1.0000e+016
2.650000e+003	9.31085404e-001	-1.88914596e-001	-2.35524351e+003	0.00000000e+000	6.4662e+003	6.8488e+015	-1.0000e+016
2.700000e+003	9.29907782e-001	-1.90092218e-001	-2.61801853e+003	0.00000000e+000	6.7676e+003	6.5438e+015	-1.0000e+016
2.750000e+003	9.28598773e-001	-1.91401227e-001	-2.90535853e+003	0.00000000e+000	7.1191e+003	6.2207e+015	-1.0000e+016
2.800000e+003	9.27146094e-001	-1.92853906e-001	-3.21854236e+003	0.00000000e+000	7.5306e+003	5.8808e+015	-1.0000e+016
2.850000e+003	9.25536822e-001	-1.94463178e-001	-3.55871043e+003	0.00000000e+000	8.0143e+003	5.5259e+015	-1.0000e+016
2.900000e+003	9.23757467e-001	-1.96242533e-001	-3.92682298e+003	0.00000000e+000	8.5853e+003	5.1583e+015	-1.0000e+016
2.950000e+003	9.21794056e-001	-1.98205944e-001	-4.32361859e+003	0.00000000e+000	9.2627e+003	4.7811e+015	-1.0000e+016
3.000000e+003	9.19632246e-001	-2.00367754e-001	-4.74957526e+003	0.00000000e+000	1.0071e+004	4.3975e+015	-1.0000e+016
3.050000e+003	9.17257459e-001	-2.02742541e-001	-5.20487672e+003	0.00000000e+000	1.1040e+004	4.0116e+015	-1.0000e+016
3.100000e+003	9.14655020e-001	-2.05344980e-001	-5.68938677e+003	0.00000000e+000	1.2209e+004	3.6274e+015	-1.0000e+016
3.150000e+003	9.11810327e-001	-2.08189673e-001	-6.20263422e+003	0.00000000e+000	1.3629e+004	3.2494e+015	-1.0000e+016
3.200000e+003	9.08709010e-001	-2.11290990e-001	-6.74381065e+003	0.00000000e+000	1.5366e+004	2.8821e+015	-1.0000e+016
3.250000e+003	9.05337105e-001	-2.14662895e-001	-7.31178241e+003	0.00000000e+000	1.7507e+004	2.5297e+015	-1.0000e+016
3.300000e+003	9.01681213e-001	-2.18318787e-001	-7.90511713e+003	0.00000000e+000	2.0166e+004	2.1961e+015	-1.0000e+016
3.350000e+003	8.97728655e-001	-2.22271345e-001	-8.52212402e+003	0.00000000e+000	2.3497e+004	1.8847e+015	-1.0000e+016
3.400000e+003	8.93467593e-001	-2.26532407e-001	-9.16090573e+003	0.00000000e+000	2.7708e+004	1.5983e+015	-1.0000e+016
3.450000e+003	8.88887140e-001	-2.31112860e-001	-9.81941877e+003	0.00000000e+000	3.3079e+004	1.3388e+015	-1.0000e+016
3.500000e+003	8.83977430e-001	-2.36022570e-001	-1.04955384e+004	0.00000000e+000	3.9997e+004	1.1072e+015	-1.0000e+016
3.550000e+003	8.78729661e-001	-2.41270339e-001	-1.11871235e+004	0.00000000e+000	4.8999e+004	9.0381e+014	-1.0000e+016
3.600000e+003	8.73136100e-001	-2.46863900e-001	-1.18920784e+004	0.00000000e+000	6.0835e+004	7.2796e+014	-1.0000e+016
3.650000e+003	8.67190060e-001	-2.52809940e-001	-1.26084052e+004	0.00000000e+000	7.6568e+004	5.7839e+014	-1.0000e+016
3.700000e+003	8.60885858e-001	-2.59114142e-001	-1.33342483e+004	0.00000000e+000	9.7713e+004	4.5322e+014	-1.0000e+016
3.750000e+003	8.54218734e-001	-2.65781266e-001	-1.40679247e+004	0.00000000e+000	1.2646e+005	3.5020e+014	-1.0000e+016
3.800000e+003	8.47184771e-001	-2.72815229e-001	-1.48079436e+004	0.00000000e+000	1.6600e+005	2.6677e+014	-1.0000e+016
3.850000e+003	8.39780799e-001	-2.80219201e-001	-1.55530136e+004	0.00000000e+000	2.2106e+005	2.0034e+014	-1.0000e+016
3.900000e+003	8.32004293e-001	-2.87995707e-001	-1.63020406e+004	0.00000000e+000	2.9864e+005	1.4829e+014	-1.0000e+016
3.950000e+003	8.23853272e-001	-2.96146728e-001	-1.70541165e+004	0.00000000e+000	4.0933e+005	1.0819e+014	-1.0000e+016
4.000000e+003	8.15326214e-001	-3.04673786e-001	-1.78085036e+004	0.00000000e+000	5.6927e+005	7.7794e+013	-1.0000e+016
4.050000e+003	8.06421962e-001	-3.13578038e-001	-1.85646141e+004	0.00000000e+000	8.0335e+005	5.5126e+013	-1.0000e+016
4.100000e+003	7.97139655e-001	-3.22860345e-001	-1.93219890e+004	0.00000000e+000	1.1504e+006	3.8497e+013	-1.0000e+016
4.150000e+003	7.87478661e-001	-3.32521339e-001	-2.00802765e+004	0.00000000e+000	1.6716e+006	2.6493e+013	-1.0000e+016
4.200000e+003	7.77438522e-001	-3.42561478e-001	-2.08392123e+004	0.00000000e+000	2.4649e+006	1.7966e+013	-1.0000e+016
4.250000e+003	7.67018916e-001	-3.52981084e-001	-2.15986012e+004	0.00000000e+000	3.6885e+006	1.2007e+013	-1.0000e+016
4.300000e+003	7.56219616e-001	-3.63780384e-001	-2.23583019e+004	0.00000000e+000	5.6010e+006	7.9067e+012	-1.0000e+016
4.350000e+003	7.45040465e-001	-3.74959535e-001	-2.31182135e+004	0.00000000e+000	8.6312e+006	5.1309e+012	-1.0000e+016
4.400000e+003	7.33481358e-001	-3.86518642e-001	-2.38782658e+004	0.00000000e+000	1.3498e+007	3.2810e+012	-1.0000e+016
4.450000e+003	7.21542225e-001	-3.98457775e-001	-2.46384104e+004	0.00000000e+000	2.1420e+007	2.0675e+012	-1.0000e+016
4.500000e+003	7.09223020e-001	-4.10776980e-001	-2.53986146e+004	0.00000000e+000	3.4497e+007	1.2838e+012	-1.0000e+016
4.550000e+003	6.96523712e-001	-4.23476288e-001	-2.61588567e+004	0.00000000e+000	5.6379e+007	7.8551e+011	-1.0000e+016
4.600000e+003	6.83444284e-001	-4.36555716e-001	-2.69191224e+004	0.00000000e+000	9.3506e+007	4.7361e+011	-1.0000e+016
4.650000e+003	6.69984723e-001	-4.50015277e-001	-2.76794028e+004	0.00000000e+000	1.5738e+008	2.8139e+011	-1.0000e+016
4.700000e+003	6.56145022e-001	-4.63854978e-001	-2.84396921e+004	0.00000000e+000	2.6881e+008	1.6475e+011	-1.0000e+016
4.750000e+003	6.41925176e-001	-4.78074824e-001	-2.91999867e+004	0.00000000e+000	4.6594e+008	9.5046e+010	-1.0000e+016
4.800000e+003	6.27325182e-001	-4.92674818e-001	-2.99602844e+004	0.00000000e+000	8.1960e+008	5.4034e+010	-1.0000e+016
4.850000e+003	6.12345040e-001	-5.07654960e-001	-3.07205840e+004	0.00000000e+000	1.4630e+009	3.0270e+010	-1.0000e+016
4.900000e+003	5.96984748e-001	-5.23015252e-001	-3.14808847e+004	0.00000000e+000	2.6503e+009	1.6710e+010	-1.0000e+016
4.950000e+003	5.81244306e-001	-5.38755694e-001	-3.22411861e+004	0.00000000e+000	4.8722e+009	9.0895e+009	-1.0000e+016
5.000000e+003	5.65123713e-001	-5.54876287e-001	-3.14808847e+004	0.00000000e+000	9.0895e+009	4.8722e+009	1.0000e+016
5.050000e+003	5.49383270e-001	-5.70616730e-001	-3.07205840e+004	0.00000000e+000	1.6710e+010	2.6503e+009	1.0000e+016
5.100000e+003	5.34022978e-001	-5.85977022e-001	-2.99602844e+004	0.00000000e+000	3.0270e+010	1.4630e+009	1.0000e+016
5.150000e+003	5.19042836e-001	-6.00957164e-001	-2.91999867e+004	0.00000000e+000	5.4034e+010	8.1960e+008	1.0000e+016
5.200000e+003	5.04442843e-001	-6.15557157e-001	-2.84396921e+004	0.00000000e+000	9.5046e+010	4.6594e+008	1.0000e+016
5.250000e+003	4.90222997e-001	-6.29777003e-001	-2.76794028e+004	0.00000000e+000	1.6475e+011	2.6881e+008	1.0000e+016
5.300000e+003	4.76383295e-001	-6.43616705e-001	-2.69191224e+004	0.00000000e+000	2.8139e+011	1.5738e+008	1.0000e+016
5.350000e+003	4.62923734e-001	-6.57076266e-001	-2.61588567e+004	0.00000000e+000	4.7361e+011	9.3506e+007	1.0000e+016
5.400000e+003	4.49844306e-001	-6.70155694e-001	-2.53986146e+004	0.00000000e+000	7.8550e+011	5.6379e+007	1.0000e+016
5.450000e+003	4.37144999e-001	-6.82855001e-001	-2.46384104e+004	0.00000000e+000	1.2838e+012	3.4497e+007	1.0000e+016
5.500000e+003	4.24825793e-001	-6.95174207e-001	-2.38782658e+004	0.00000000e+000	2.0675e+012	2.1420e+007	1.0000e+016
5.550000e+003	4.12886660e-001	-7.07113340e-001	-2.31182135e+004	0.00000000e+000	3.2810e+012	1.3498e+007	1.0000e+016
5.600000e+003	4.01327554e-001	-7.18672446e-001	-2.23583019e+004	0.00000000e+000	5.1309e+012	8.6312e+006	1.0000e+016
5.650000e+003	3.90148403e-001	-7.29851597e-001	-2.15986012e+004	0.00000000e+000	7.9067e+012	5.6010e+006	1.0000e+016
5.700000e+003	3.79349102e-001	-7.40650898e-001	-2.08392123e+004	0.00000000e+000	1.2007e+013	3.6885e+006	1.0000e+016
5.750000e+003	3.68929496e-001	-7.51070504e-001	-2.00802765e+004	0.00000000e+000	1.7966e+013	2.4649e+006	1.0000e+016
5.800000e+003	3.58889358e-001	-7.61110642e-001	-1.93219890e+004	0.00000000e+000	2.6493e+013	1.6716e+006	1.0000e+016
5.850000e+003	3.49228363e-001	-7.70771637e-001	-1.85646141e+004	0.00000000e+000	3.8497e+013	1.1504e+006	1.0000e+016
5.900000e+003	3.39946056e-001	-7.80053944e-001	-1.78085036e+004	0.00000000e+000	5.5126e+013	8.0335e+005	1.0000e+016
5.950000e+003	3.31041804e-001	-7.88958196e-001	-1.70541165e+004	0.00000000e+000	7.7794e+013	5.6927e+005	1.0000e+016
6.000000e+003	3.22514746e-001	-7.97485254e-001	-1.63020406e+004	0.00000000e+000	1.0819e+014	4.0933e+005	1.0000e+016
6.050000e+003	3.14363726e-001	-8.05636274e-001	-1.55530136e+004	0.00000000e+000	1.4829e+014	2.9864e+005	1.0000e+016
6.100000e+003	3.06587219e-001	-8.13412781e-001	-1.48079435e+004	0.00000000e+000	2.0034e+014	2.2106e+005	1.0000e+016
6.150000e+003	2.99183247e-001	-8.20816753e-001	-1.40679247e+004	0.00000000e+000	2.6677e+014	1.6600e+005	1.0000e+016
6.200000e+003	2.92149285e-001	-8.27850715e-001	-1.33342483e+004	0.00000000e+000	3.5019e+014	1.2646e+005	1.0000e+016
6.250000e+003	2.85482161e-001	-8.34517839e-001	-1.26084052e+004	0.00000000e+000	4.5322e+014	9.7713e+004	1.0000e+016
6.300000e+003	2.79177958e-001	-8.40822042e-001	-1.18920783e+004	0.00000000e+000	5.7839e+014	7.6568e+004	1.0000e+016
6.350000e+003	2.73231919e-001	-8.46768081e-001	-1.11871234e+004	0.00000000e+000	7.2796e+014	6.0836e+004	1.0000e+016
6.400000e+003	2.67638357e-001	-8.52361643e-001	-1.04955382e+004	0.00000000e+000	9.0381e+014	4.8999e+004	1.0000e+016
6.450000e+003	2.62390588e-001	-8.57609412e-001	-9.81941857e+003	0.00000000e+000	1.1072e+015	3.9997e+004	1.0000e+016
6.500000e+003	2.57480879e-001	-8.62519121e-001	-9.16090549e+003	0.00000000e+000	1.3388e+015	3.3079e+004	1.0000e+016
6.550000e+003	2.52900426e-001	-8.67099574e-001	-8.52212371e+003	0.00000000e+000	1.5983e+015	2.7708e+004	1.0000e+016
6.600000e+003	2.48639364e-001	-8.71360636e-001	-7.90511675e+003	0.00000000e+000	1.8847e+015	2.3497e+004	1.0000e+016
6.650000e+003	2.44686806e-001	-8.75313194e-001	-7.31178194e+003	0.00000000e+000	2.1961e+015	2.0166e+004	1.0000e+016
6.700000e+003	2.41030915e-001	-8.78969085e-001	-6.74381008e+003	0.00000000e+000	2.5297e+015	1.7507e+004	1.0000e+016
6.750000e+003	2.37659010e-001	-8.82340990e-001	-6.20263353e+003	0.00000000e+000	2.8821e+015	1.5366e+004	1.0000e+016
6.800000e+003	2.34557693e-001	-8.85442307e-001	-5.68938594e+003	0.00000000e+000	3.2494e+015	1.3629e+004	1.0000e+016
6.850000e+003	2.31713000e-001	-8.88287000e-001	-5.20487573e+003	0.00000000e+000	3.6274e+015	1.2209e+004	1.0000e+016
6.900000e+003	2.29110562e-001	-8.90889438e-001	-4.74957409e+003	0.00000000e+000	4.0116e+015	1.1040e+004	1.0000e+016
6.950000e+003	2.26735775e-001	-8.93264225e-001	-4.32361721e+003	0.00000000e+000	4.3975e+015	1.0071e+004	1.0000e+016
7.000000e+003	2.24573967e-001	-8.95426033e-001	-3.92682137e+003	0.00000000e+000	4.7811e+015	9.2627e+003	1.0000e+016
7.050000e+003	2.22610556e-001	-8.97389444e-001	-3.55870856e+003	0.00000000e+000	5.1583e+015	8.5853e+003	1.0000e+016
7.100000e+003	2.20831202e-001	-8.99168798e-001	-3.21854019e+003	0.00000000e+000	5.5259e+015	8.0143e+003	1.0000e+016
7.150000e+003	2.19221932e-001	-9.00778068e-001	-2.90535602e+003	0.00000000e+000	5.8808e+015	7.5306e+003	1.0000e+016
7.200000e+003	2.17769254e-001	-9.02230746e-001	-2.61801564e+003	0.00000000e+000	6.2207e+015	7.1191e+003	1.0000e+016
7.250000e+003	2.16460246e-001	-9.03539754e-001	-2.35524019e+003	0.00000000e+000	6.5438e+015	6.7676e+003	1.0000e+016
7.300000e+003	2.15282626e-001	-9.04717374e-001	-2.11565238e+003	0.00000000e+000	6.8488e+015	6.4662e+003	1.0000e+016
7.350000e+003	2.14224799e-001	-9.05775201e-001	-1.89781336e+003	0.00000000e+000	7.1348e+015	6.2070e+003	1.0000e+016
7.400000e+003	2.13275893e-001	-9.06724107e-001	-1.70025557e+003	0.00000000e+000	7.4016e+015	5.9833e+003	1.0000e+016
7.450000e+003	2.12425765e-001	-9.07574235e-001	-1.52151093e+003	0.00000000e+000	7.6490e+015	5.7897e+003	1.0000e+016
7.500000e+003	2.11665009e-001	-9.08334991e-001	-1.36013426e+003	0.00000000e+000	7.8775e+015	5.6218e+003	1.0000e+016
7.550000e+003	2.10984942e-001	-9.09015058e-001	-1.21472209e+003	0.00000000e+000	8.0874e+015	5.4759e+003	1.0000e+016
7.600000e+003	2.10377581e-001	-9.09622419e-001	-1.08392703e+003	0.00000000e+000	8.2797e+015	5.3487e+003	1.0000e+016
7.650000e+003	2.09835618e-001	-9.10164382e-001	-9.66468320e+002	0.00000000e+000	8.4551e+015	5.2378e+003	1.0000e+016
7.700000e+003	2.09352384e-001	-9.10647616e-001	-8.61138854e+002	0.00000000e+000	8.6146e+015	5.1408e+003	1.0000e+016
7.750000e+003	2.08921814e-001	-9.11078186e-001	-7.66809416e+002	0.00000000e+000	8.7593e+015	5.0559e+003	1.0000e+016
7.800000e+003	2.08538410e-001	-9.11461590e-001	-6.82430460e+002	0.00000000e+000	8.8902e+015	4.9814e+003	1.0000e+016
7.850000e+003	2.08197194e-001	-9.11802806e-001	-6.07032009e+002	0.00000000e+000	9.0083e+015	4.9161e+003	1.0000e+016
7.900000e+003	2.07893678e-001	-9.12106322e-001	-5.39722073e+002	0.00000000e+000	9.1147e+015	4.8587e+003	1.0000e+016
7.950000e+003	2.07623817e-001	-9.12376183e-001	-4.79683955e+002	0.00000000e+000	9.2103e+015	4.8083e+003	1.0000e+016
8.000000e+003	2.07383975e-001	-9.12616025e-001	-4.26172768e+002	0.00000000e+000	9.2962e+015	4.7639e+003	1.0000e+016
8.050000e+003	2.07170889e-001	-9.12829111e-001	-3.78511414e+002	0.00000000e+000	9.3731e+015	4.7248e+003	1.0000e+016
8.100000e+003	2.06981633e-001	-9.13018367e-001	-3.36086259e+002	0.00000000e+000	9.4420e+015	4.6903e+003	1.0000e+016
8.150000e+003	2.06813590e-001	-9.13186410e-001	-2.98342645e+002	0.00000000e+000	9.5036e+015	4.6599e+003	1.0000e+016
8.200000e+003	2.06664419e-001	-9.13335581e-001	-2.64780393e+002	0.00000000e+000	9.5586e+015	4.6331e+003	1.0000e+016
8.250000e+003	2.06532029e-001	-9.13467971e-001	-2.34949381e+002	0.00000000e+000	9.6076e+015	4.6094e+003	1.0000e+016
8.300000e+003	2.06414554e-001	-9.13585446e-001	-2.08445273e+002	0.00000000e+000	9.6514e+015	4.5885e+003	1.0000e+016
8.350000e+003	2.06310331e-001	-9.13689669e-001	-1.84905451e+002	0.00000000e+000	9.6904e+015	4.5701e+003	1.0000e+016
8.400000e+003	2.06217878e-001	-9.13782122e-001	-1.64005177e+002	0.00000000e+000	9.7251e+015	4.5538e+003	1.0000e+016
8.450000e+003	2.06135876e-001	-9.13864124e-001	-1.45454012e+002	0.00000000e+000	9.7560e+015	4.5393e+003	1.0000e+016
8.500000e+003	2.06063149e-001	-9.13936851e-001	-1.28992482e+002	0.00000000e+000	9.7835e+015	4.5266e+003	1.0000e+016
8.550000e+003	2.05998653e-001	-9.14001347e-001	-1.14389022e+002	0.00000000e+000	9.8079e+015	4.5153e+003	1.0000e+016
8.600000e+003	2.05941458e-001	-9.14058542e-001	-1.01437159e+002	0.00000000e+000	9.8296e+015	4.5053e+003	1.0000e+016
8.650000e+003	2.05890740e-001	-9.14109260e-001	-8.99529481e+001	0.00000000e+000	9.8490e+015	4.4965e+003	1.0000e+016
8.700000e+003	2.05845763e-001	-9.14154237e-001	-7.97726401e+001	0.00000000e+000	9.8661e+015	4.4887e+003	1.0000e+016
8.750000e+003	2.05805877e-001	-9.14194123e-001	-7.07505671e+001	0.00000000e+000	9.8813e+015	4.4818e+003	1.0000e+016
8.800000e+003	2.05770501e-001	-9.14229499e-001	-6.27572321e+001	0.00000000e+000	9.8949e+015	4.4756e+003	1.0000e+016
8.850000e+003	2.05739123e-001	-9.14260877e-001	-5.56775880e+001	0.00000000e+000	9.9069e+015	4.4702e+003	1.0000e+016
8.900000e+003	2.05711284e-001	-9.14288716e-001	-4.94094904e+001	0.00000000e+000	9.9176e+015	4.4654e+003	1.0000e+016
8.950000e+003	2.05686579e-001	-9.14313421e-001	-4.38623087e+001	0.00000000e+000	9.9270e+015	4.4611e+003	1.0000e+016
9.000000e+003	2.05664648e-001	-9.14335352e-001	-3.89556837e+001	0.00000000e+000	9.9355e+015	4.4573e+003	1.0000e+016
9.050000e+003	2.05645170e-001	-9.14354830e-001	-3.46184156e+001	0.00000000e+000	9.9430e+015	4.4540e+003	1.0000e+016
9.100000e+003	2.05627861e-001	-9.14372139e-001	-3.07874733e+001	0.00000000e+000	9.9496e+015	4.4510e+003	1.0000e+016
9.150000e+003	2.05612467e-001	-9.14387533e-001	-2.74071107e+001	0.00000000e+000	9.9555e+015	4.4484e+003	1.0000e+016
9.200000e+003	2.05598764e-001	-9.14401236e-001	-2.44280813e+001	0.00000000e+000	9.9608e+015	4.4460e+003	1.0000e+016
9.250000e+003	2.05586550e-001	-9.14413450e-001	-2.18069414e+001	0.00000000e+000	9.9655e+015	4.4439e+003	1.0000e+016
9.300000e+003	2.05575646e-001	-9.14424354e-001	-1.95054323e+001	0.00000000e+000	9.9697e+015	4.4420e+003	1.0000e+016
9.350000e+003	2.05565894e-001	-9.14434106e-001	-1.74899343e+001	0.00000000e+000	9.9735e+015	4.4404e+003	1.0000e+016
9.400000e+003	2.05557149e-001	-9.14442851e-001	-1.57309856e+001	0.00000000e+000	9.9769e+015	4.4389e+003	1.0000e+016
9.450000e+003	2.05549283e-001	-9.14450717e-001	-1.42028594e+001	0.00000000e+000	9.9799e+015	4.4375e+003	1.0000e+016
9.500000e+003	2.05542182e-001	-9.14457818e-001	-1.28831937e+001	0.00000000e+000	9.9826e+015	4.4363e+003	1.0000e+016
9.550000e+003	2.05535740e-001	-9.14464260e-001	-1.17526687e+001	0.00000000e+000	9.9851e+015	4.4352e+003	1.0000e+016
9.600000e+003	2.05529864e-001	-9.14470136e-001	-1.07947282e+001	0.00000000e+000	9.9874e+015	4.4342e+003	1.0000e+016
9.650000e+003	2.05524466e-001	-9.14475534e-001	-9.99533962e+000	0.00000000e+000	9.9895e+015	4.4332e+003	1.0000e+016
9.700000e+003	2.05519469e-001	-9.14480531e-001	-9.34279115e+000	0.00000000e+000	9.9914e+015	4.4324e+003	1.0000e+016
9.750000e+003	2.05514797e-001	-9.14485203e-001	-8.82752197e+000	0.00000000e+000	9.9932e+015	4.4316e+003	1.0000e+016
9.800000e+003	2.05510384e-001	-9.14489616e-001	-8.44198370e+000	0.00000000e+000	9.9949e+015	4.4308e+003	1.0000e+016
9.850000e+003	2.05506163e-001	-9.14493837e-001	-8.18053112e+000	0.00000000e+000	9.9966e+015	4.4301e+003	1.0000e+016
9.900000e+003	2.05502072e-001	-9.14497928e-001	-8.03934057e+000	0.00000000e+000	9.9981e+015	4.4294e+003	1.0000e+016
9.950000e+003	2.05498053e-001	-9.14501947e-001	-8.01635495e+000	0.00000000e+000	9.9997e+015	4.4287e+003	1.0000e+016
1.000000e+004	2.05494044e-001	-9.14505956e-001	-8.01635495e+000	0.00000000e+000	1.0001e+016	4.4280e+003	1.0000e+016
