Y (ang)	el Psi 1	el Psi 2	hh Psi 1	hh Psi 2	hh Psi 3	hh Psi 4	hh Psi 5	hh Psi 6	hh Psi 7	hh Psi 8	hh Psi 9	hh Psi 10	hh Psi 11	hh Psi 12	hh Psi 13	hh Psi 14	lh Psi 1	lh Psi 2	lh Psi 3	lh Psi 4	lh Psi 5	lh Psi 6	lh Psi 7	lh Psi 8	lh Psi 9	lh Psi 10	lh Psi 11	lh Psi 12	lh Psi 13	lh Psi 14
2.000000e+001	1.7029e-024	-1.3480e-023	5.5843e-010	2.1462e-009	6.6200e-009	6.0846e-008	3.3805e-009	1.6304e-006	6.8670e-010	3.6327e-005	8.9111e-011	6.5200e-004	8.9422e-003	-9.1490e-012	8.5447e-002	-1.4524e-014	5.5843e-010	2.1462e-009	6.6200e-009	6.0846e-008	3.3805e-009	1.6304e-006	6.8670e-010	3.6327e-005	8.9111e-011	6.5200e-004	8.9422e-003	-9.1490e-012	8.5447e-002	-1.4524e-014
3.000000e+001	7.8179e-024	-5.3261e-023	1.7522e-008	6.3123e-008	1.7123e-007	1.5502e-006	7.2169e-008	3.4353e-005	1.1561e-008	6.0509e-004	1.0980e-009	7.9821e-003	7.0009e-002	-7.1435e-011	2.9625e-001	-4.7847e-014	1.7522e-008	6.3123e-008	1.7123e-007	1.5502e-006	7.2169e-008	3.4353e-005	1.1561e-008	6.0509e-004	1.0980e-009	7.9821e-003	7.0009e-002	-7.1435e-011	2.9625e-001	-4.7847e-014
4.000000e+001	4.6609e-023	-2.8157e-022	4.8942e-007	1.6389e-006	3.8376e-006	3.4141e-005	1.2909e-006	6.0494e-004	1.5447e-007	7.9767e-003	9.6910e-009	6.9817e-002	3.0014e-001	-3.0472e-010	-6.9767e-002	2.0258e-014	4.8942e-007	1.6389e-006	3.8376e-006	3.4141e-005	1.2909e-006	6.0494e-004	1.5447e-007	7.9767e-003	9.6910e-009	6.9817e-002	3.0014e-001	-3.0472e-010	-6.9767e-002	2.0258e-014
5.000000e+001	3.0764e-022	-1.6723e-021	1.1508e-005	3.5308e-005	6.9046e-005	6.0100e-004	1.7382e-005	7.9766e-003	1.3797e-006	6.9816e-002	4.2445e-008	3.0021e-001	-6.9811e-002	7.7665e-011	8.0199e-003	-4.4003e-014	1.1508e-005	3.5308e-005	6.9046e-005	6.0100e-004	1.7382e-005	7.9766e-003	1.3797e-006	6.9816e-002	4.2445e-008	3.0021e-001	-6.9811e-002	7.7665e-011	8.0199e-003	-4.4003e-014
6.000000e+001	2.2166e-021	-1.0951e-020	2.1971e-004	6.0455e-004	9.3673e-004	7.9198e-003	1.5699e-004	6.9816e-002	6.1819e-006	3.0021e-001	-6.3400e-009	-6.9816e-002	7.9766e-003	-3.9698e-011	-6.1068e-004	3.7349e-013	2.1971e-004	6.0455e-004	9.3673e-004	7.9198e-003	1.5699e-004	6.9816e-002	6.1819e-006	3.0021e-001	-6.3400e-009	-6.9816e-002	7.9766e-003	-3.9698e-011	-6.1068e-004	3.7349e-013
7.000000e+001	1.7304e-020	-7.8331e-020	3.2227e-003	7.6753e-003	8.5565e-003	6.9255e-002	7.1921e-004	3.0020e-001	-2.7721e-007	-6.9816e-002	-1.4960e-008	7.9767e-003	-6.0497e-004	2.7362e-010	3.4780e-005	-4.9468e-012	3.2227e-003	7.6753e-003	8.5565e-003	6.9255e-002	7.1921e-004	3.0020e-001	-2.7721e-007	-6.9816e-002	-1.4960e-008	7.9767e-003	-6.0497e-004	2.7362e-010	3.4780e-005	-4.9468e-012
8.000000e+001	1.4545e-019	-6.0739e-019	3.2994e-002	6.3408e-002	4.0083e-002	2.9723e-001	4.2772e-005	-6.9815e-002	-5.0077e-006	7.9764e-003	1.3723e-007	-6.0493e-004	3.4352e-005	-3.5893e-009	-1.5823e-006	8.7564e-011	3.2994e-002	6.3408e-002	4.0083e-002	2.9723e-001	4.2772e-005	-6.9815e-002	-5.0077e-006	7.9764e-003	1.3723e-007	-6.0493e-004	3.4352e-005	-3.5893e-009	-1.5823e-006	8.7564e-011
9.000000e+001	1.3096e-018	-5.0739e-018	1.9118e-001	2.4125e-001	6.6595e-003	-7.1693e-002	-8.9614e-004	7.9895e-003	4.3595e-005	-6.0471e-004	-1.7915e-006	3.4327e-005	-1.5581e-006	6.3176e-008	5.9899e-008	-1.9382e-009	1.9118e-001	2.4125e-001	6.6595e-003	-7.1693e-002	-8.9614e-004	7.9895e-003	4.3595e-005	-6.0471e-004	-1.7915e-006	3.4327e-005	-1.5581e-006	6.3176e-008	5.9899e-008	-1.9382e-009
1.000000e+002	1.8208e-017	-6.5613e-017	2.4551e-001	-1.8631e-001	-6.7091e-002	2.1328e-002	7.6388e-003	-8.8826e-004	-5.6545e-004	4.4324e-005	3.1391e-005	-1.8968e-006	6.9160e-008	-1.3934e-006	-2.2266e-009	5.1519e-008	2.4551e-001	-1.8631e-001	-6.7091e-002	2.1328e-002	7.6388e-003	-8.8826e-004	-5.6545e-004	4.4324e-005	3.1391e-005	-1.8968e-006	6.9160e-008	-1.3934e-006	-2.2266e-009	5.1519e-008
1.100000e+002	3.9860e-016	-1.3519e-015	4.5345e-002	-5.4425e-002	2.9853e-001	-3.3599e-002	-6.8351e-002	3.0948e-004	7.6345e-003	-5.0552e-006	-5.6615e-004	1.4050e-007	-3.8510e-009	3.1436e-005	9.9670e-011	-1.3952e-006	4.5345e-002	-5.4425e-002	2.9853e-001	-3.3599e-002	-6.8351e-002	3.0948e-004	7.6345e-003	-5.0552e-006	-5.6615e-004	1.4050e-007	-3.8510e-009	3.1436e-005	9.9670e-011	-1.3952e-006
1.200000e+002	8.1291e-015	-2.5837e-014	4.5529e-003	-6.8180e-003	6.7777e-002	-8.3753e-003	3.0089e-001	-5.9467e-004	-6.8356e-002	2.2136e-006	7.6349e-003	-1.6773e-008	2.8667e-010	-5.6617e-004	-5.5975e-012	3.1436e-005	4.5529e-003	-6.8180e-003	6.7777e-002	-8.3753e-003	3.0089e-001	-5.9467e-004	-6.8356e-002	2.2136e-006	7.6349e-003	-1.6773e-008	2.8667e-010	-5.6617e-004	-5.5975e-012	3.1436e-005
1.300000e+002	1.5597e-013	-4.6259e-013	3.1422e-004	-5.4469e-004	7.5681e-003	-9.7777e-004	6.8355e-002	-1.4432e-004	3.0089e-001	-5.3309e-006	-6.8356e-002	1.2243e-008	-2.4723e-011	7.6349e-003	4.2227e-013	-5.6617e-004	3.1422e-004	-5.4469e-004	7.5681e-003	-9.7777e-004	6.8355e-002	-1.4432e-004	3.0089e-001	-5.3309e-006	-6.8356e-002	1.2243e-008	-2.4723e-011	7.6349e-003	4.2227e-013	-5.6617e-004
1.400000e+002	2.8045e-012	-7.7239e-012	1.6526e-005	-3.1959e-005	5.6110e-004	-7.4646e-005	7.6349e-003	-1.6638e-005	6.8356e-002	-1.2629e-006	3.0089e-001	-3.9451e-008	-6.4014e-011	-6.8356e-002	-4.7385e-014	7.6349e-003	1.6526e-005	-3.1959e-005	5.6110e-004	-7.4646e-005	7.6349e-003	-1.6638e-005	6.8356e-002	-1.2629e-006	3.0089e-001	-3.9451e-008	-6.4014e-011	-6.8356e-002	-4.7385e-014	7.6349e-003
1.500000e+002	4.7041e-011	-1.1964e-010	7.0224e-007	-1.4820e-006	3.1150e-005	-4.2354e-006	5.6616e-004	-1.2599e-006	7.6349e-003	-1.4394e-007	6.8356e-002	-9.1280e-009	3.1231e-010	3.0089e-001	-2.7035e-015	-6.8356e-002	7.0224e-007	-1.4820e-006	3.1150e-005	-4.2354e-006	5.6616e-004	-1.2599e-006	7.6349e-003	-1.4394e-007	6.8356e-002	-9.1280e-009	3.1231e-010	3.0089e-001	-2.7035e-015	-6.8356e-002
1.600000e+002	7.3222e-010	-1.7086e-009	2.5033e-008	-5.6816e-008	1.3824e-006	-1.9126e-007	3.1436e-005	-7.1051e-008	5.6617e-004	-1.0817e-008	7.6349e-003	-1.0287e-009	7.0605e-011	6.8356e-002	5.9120e-014	3.0089e-001	2.5033e-008	-5.6816e-008	1.3824e-006	-1.9126e-007	3.1436e-005	-7.1051e-008	5.6617e-004	-1.0817e-008	7.6349e-003	-1.0287e-009	7.0605e-011	6.8356e-002	5.9120e-014	3.0089e-001
1.700000e+002	1.0513e-008	-2.2335e-008	7.6861e-010	-1.8566e-009	5.1100e-008	-7.1727e-009	1.3952e-006	-3.1929e-009	3.1436e-005	-6.0665e-010	5.6617e-004	-7.6732e-011	7.8675e-012	7.6349e-003	1.2917e-014	6.8356e-002	7.6861e-010	-1.8566e-009	5.1100e-008	-7.1727e-009	1.3952e-006	-3.1929e-009	3.1436e-005	-6.0665e-010	5.6617e-004	-7.6732e-011	7.8675e-012	7.6349e-003	1.2917e-014	6.8356e-002
1.800000e+002	1.3823e-007	-2.6493e-007	2.0725e-011	-5.2867e-011	1.6186e-009	-2.3003e-010	5.1580e-008	-1.1926e-010	1.3953e-006	-2.7140e-011	3.1436e-005	-4.2793e-012	5.8250e-013	5.6617e-004	1.4153e-015	7.6349e-003	2.0725e-011	-5.2867e-011	1.6186e-009	-2.3003e-010	5.1580e-008	-1.1926e-010	1.3953e-006	-2.7140e-011	3.1436e-005	-4.2793e-012	5.8250e-013	5.6617e-004	1.4153e-015	7.6349e-003
1.900000e+002	1.6502e-006	-2.8216e-006	4.9817e-013	-1.3339e-012	4.4854e-011	-6.4436e-012	1.6340e-009	-3.8116e-012	5.1581e-008	-1.0100e-012	1.3953e-006	-1.9060e-013	3.2306e-014	3.1436e-005	1.0362e-016	5.6617e-004	4.9817e-013	-1.3339e-012	4.4854e-011	-6.4436e-012	1.6340e-009	-3.8116e-012	5.1581e-008	-1.0100e-012	1.3953e-006	-1.9060e-013	3.2306e-014	3.1436e-005	1.0362e-016	5.6617e-004
2.000000e+002	1.7702e-005	-2.6629e-005	1.0802e-014	-3.0211e-014	1.1047e-012	-1.6023e-013	4.5282e-011	-1.0645e-013	1.6340e-009	-3.2177e-014	5.1581e-008	-7.0668e-015	1.4325e-015	1.3953e-006	5.6989e-018	3.1436e-005	1.0802e-014	-3.0211e-014	1.1047e-012	-1.6023e-013	4.5282e-011	-1.0645e-013	1.6340e-009	-3.2177e-014	5.1581e-008	-7.0668e-015	1.4325e-015	1.3953e-006	5.6989e-018	3.1436e-005
2.100000e+002	1.6842e-004	-2.1893e-004	2.1334e-016	-6.2079e-016	2.4484e-014	-3.5821e-015	1.1153e-012	-2.6400e-015	4.5283e-011	-8.9616e-016	1.6340e-009	-2.2443e-016	5.2916e-017	5.1581e-008	2.5101e-019	1.3953e-006	2.1334e-016	-6.2079e-016	2.4484e-014	-3.5821e-015	1.1153e-012	-2.6400e-015	4.5283e-011	-8.9616e-016	1.6340e-009	-2.2443e-016	5.2916e-017	5.1581e-008	2.5101e-019	1.3953e-006
2.200000e+002	1.3976e-003	-1.5330e-003	3.8686e-018	-1.1673e-017	4.9330e-016	-7.2740e-017	2.4721e-014	-5.8879e-017	1.1153e-012	-2.2170e-017	4.5283e-011	-6.2332e-018	1.6752e-018	1.6340e-009	9.2205e-021	5.1581e-008	3.8686e-018	-1.1673e-017	4.9330e-016	-7.2740e-017	2.4721e-014	-5.8879e-017	1.1153e-012	-2.2170e-017	4.5283e-011	-6.2332e-018	1.6752e-018	1.6340e-009	9.2205e-021	5.1581e-008
2.300000e+002	9.8944e-003	-8.8570e-003	6.4841e-020	-2.0232e-019	9.1101e-018	-1.3530e-018	4.9810e-016	-1.1930e-018	2.4722e-014	-4.9336e-019	1.1153e-012	-1.5383e-019	4.6396e-020	4.5283e-011	2.9050e-022	1.6340e-009	6.4841e-020	-2.0232e-019	9.1101e-018	-1.3530e-018	4.9810e-016	-1.1930e-018	2.4722e-014	-4.9336e-019	1.1153e-012	-1.5383e-019	4.6396e-020	4.5283e-011	2.9050e-022	1.6340e-009
2.400000e+002	5.7932e-002	-4.0242e-002	1.0103e-021	-3.2521e-021	1.5529e-019	-2.3216e-020	9.1988e-018	-2.2146e-020	4.9808e-016	-9.9759e-021	2.4720e-014	-3.4154e-021	1.1421e-021	1.1153e-012	8.0119e-024	4.5281e-011	1.0103e-021	-3.2521e-021	1.5529e-019	-2.3216e-020	9.1988e-018	-2.2146e-020	4.9808e-016	-9.9759e-021	2.4720e-014	-3.4154e-021	1.1421e-021	1.1153e-012	8.0119e-024	4.5281e-011
2.500000e+002	2.1525e-001	-1.0941e-001	1.5730e-023	-5.2232e-023	2.6447e-021	-3.9804e-022	1.6973e-019	-4.1072e-022	1.0026e-017	-2.0152e-022	5.4733e-016	-7.5752e-023	2.8083e-023	2.7437e-014	2.2069e-025	1.2532e-012	1.5730e-023	-5.2232e-023	2.6447e-021	-3.9804e-022	1.6973e-019	-4.1072e-022	1.0026e-017	-2.0152e-022	5.4733e-016	-7.5752e-023	2.8083e-023	2.7437e-014	2.2069e-025	1.2532e-012
2.600000e+002	1.7849e-001	-1.3521e-002	2.6013e-025	-8.9284e-025	4.8127e-023	-7.2947e-024	3.3653e-021	-8.1886e-024	2.1833e-019	-4.4057e-024	1.3219e-017	-1.8331e-024	7.6089e-025	7.4382e-016	6.7817e-027	3.8717e-014	2.6013e-025	-8.9284e-025	4.8127e-023	-7.2947e-024	3.3653e-021	-8.1886e-024	2.1833e-019	-4.4057e-024	1.3219e-017	-1.8331e-024	7.6089e-025	7.4382e-016	6.7817e-027	3.8717e-014
2.700000e+002	1.1377e-001	9.3141e-002	4.4591e-027	-1.5839e-026	9.1109e-025	-1.3912e-025	6.9667e-023	-1.7050e-025	4.9859e-021	-1.0102e-025	3.3660e-019	-4.6770e-026	2.1879e-026	2.1401e-017	2.2301e-028	1.2804e-015	4.4591e-027	-1.5839e-026	9.1109e-025	-1.3912e-025	6.9667e-023	-1.7050e-025	4.9859e-021	-1.0102e-025	3.3660e-019	-4.6770e-026	2.1879e-026	2.1401e-017	2.2301e-028	1.2804e-015
2.800000e+002	6.3532e-002	1.5207e-001	7.8220e-029	-2.8776e-028	1.7693e-026	-2.7222e-027	1.4830e-024	-3.6511e-027	1.1743e-022	-2.3893e-027	8.8714e-021	-1.2352e-027	6.5415e-028	6.4027e-019	7.6687e-030	4.4295e-017	7.8220e-029	-2.8776e-028	1.7693e-026	-2.7222e-027	1.4830e-024	-3.6511e-027	1.1743e-022	-2.3893e-027	8.8714e-021	-1.2352e-027	6.5415e-028	6.4027e-019	7.6687e-030	4.4295e-017
2.900000e+002	3.2650e-002	1.6002e-001	1.3949e-030	-5.3184e-030	3.4995e-028	-5.4257e-029	3.2211e-026	-7.9783e-029	2.8279e-024	-5.7787e-029	2.3971e-022	-3.3448e-029	2.0120e-029	1.9706e-020	2.7247e-031	1.5836e-018	1.3949e-030	-5.3184e-030	3.4995e-028	-5.4257e-029	3.2211e-026	-7.9783e-029	2.8279e-024	-5.7787e-029	2.3971e-022	-3.3448e-029	2.0120e-029	1.9706e-020	2.7247e-031	1.5836e-018
3.000000e+002	1.5779e-002	1.3425e-001	2.5188e-032	-9.9571e-032	7.0178e-030	-1.0966e-030	7.1032e-028	-1.7702e-030	6.9256e-026	-1.4215e-030	6.6009e-024	-9.2306e-031	6.3235e-031	6.1974e-022	9.9255e-033	5.8052e-020	2.5188e-032	-9.9571e-032	7.0178e-030	-1.0966e-030	7.1032e-028	-1.7702e-030	6.9256e-026	-1.4215e-030	6.6009e-024	-9.2306e-031	6.3235e-031	6.1974e-022	9.9255e-033	5.8052e-020
3.100000e+002	7.1365e-003	9.2590e-002	4.5908e-034	-1.8822e-033	1.4220e-031	-2.2396e-032	1.5843e-029	-3.9730e-032	1.7177e-027	-3.5413e-032	1.8438e-025	-2.5840e-032	2.0200e-032	1.9810e-023	3.6846e-034	2.1690e-021	4.5908e-034	-1.8822e-033	1.4220e-031	-2.2396e-032	1.5843e-029	-3.9730e-032	1.7177e-027	-3.5413e-032	1.8438e-025	-2.5840e-032	2.0200e-032	1.9810e-023	3.6846e-034	2.1690e-021
3.200000e+002	2.7044e-003	4.6317e-002	8.4206e-036	-3.5817e-035	2.9016e-033	-4.6064e-034	3.5611e-031	-8.9862e-034	4.2969e-029	-8.8982e-034	5.1992e-027	-7.3028e-034	6.5223e-034	6.4010e-025	1.3848e-035	8.2048e-023	8.4206e-036	-3.5817e-035	2.9016e-033	-4.6064e-034	3.5611e-031	-8.9862e-034	4.2969e-029	-8.8982e-034	5.1992e-027	-7.3028e-034	6.5223e-034	6.4010e-025	1.3848e-035	8.2048e-023
3.300000e+002	0.0000e+000	0.0000e+000	0.0000e+000	0.0000e+000	0.0000e+000	0.0000e+000	0.0000e+000	0.0000e+000	0.0000e+000	0.0000e+000	0.0000e+000	0.0000e+000	0.0000e+000	0.0000e+000	0.0000e+000	0.0000e+000	4.5174e-050	-1.9944e-049	1.7370e-047	-2.7830e-048	2.3540e-045	-5.9666e-048	3.1717e-043	-6.4835e-048	4.3439e-041	-5.2772e-048	6.2679e-048	6.1606e-039	3.3269e-049	9.3115e-037
